function [wp, is_values] = weno15(u_values, u_idx, n, epsilon, p)

	persistent stencil_mapping;
	persistent local_flux_values;
	persistent all_smooth;

	% Coefficients for the interpolant of each stencil
	stencil_coeffs = [   -105,     15,    -5,     3,    -3,    5,   -15,    105;
                         855,   -125,    43,   -27,    29,  -55,   225,   1443;
                       -3065,    463,  -167,   113,  -139,  365,  1023,  -1497;
                        6343,  -1007,   393,  -307,   533,  743,  -657,   1443;
                       -8357,   1443,  -657,   743,   533, -307,   393,  -1007;
                        7323,  -1497,  1023,   365,  -139,  113,  -167,    463;
                       -4437,   1443,   225,   -55,    29,  -27,    43,   -125;
                        2283,    105,   -15,     5,    -3,    3,    -5,     15] ./ 840;
	
	% Weights representing the ideal linear combination of stencils
	ideal_weights = [1/6453, 56/6435, 196/2145, 392/1287, 490/1287, 392/2145, 196/6435, 8/6435];

	% Coefficients for use in the smoothness calculation
	smoothness_coeffs{1} = [[ 986005096387/20756736000;
              -1410106709147/1945944000;
              10610581100123/4447872000;
              -3423798156193/778377600;
              10196716797013/2075673600;
              -6476591199161/1945944000;
              39509061792127/31135104000;
              -819100494587/3891888000    ],...
            [              0.;
              172229708657639/62270208000; 
              -70944310593109/3891888000;
              41910140004779/1245404160;
              -4882688924777/129729600;
              795325997722517/31135104000;
              -12661520644021/1297296000;
              50528822994577/31135104000 ],...
            [               0.;
                            0.;
              624177436330267/20756736000;
              -983492927359/8845200;
              775760249154827/6227020800;
              -109928049802589/1297296000;
              1010731494899387/31135104000;
              -5269260407953/972972000    ],...
            [               0.;
                            0.;
                            0.;
                23315424178373/226437120;
              -35999233471051/155675520;
              982150494698309/6227020800;
              -393303816739/6486480;
              7028987165449/691891200 ],...
            [               0.;
                            0.;
                            0.;
                            0.;
               5896382977423/45287424;
              -6306477584539/35380800;
              428668917728281/6227020800;
              -9030771744409/778377600 ],...
            [               0.;
                            0.;
                            0.;
                            0.;
                            0.;
              1272280750118197/20756736000;
              -185432400549349/3891888000;
              36019630238453/4447872000 ],...
            [               0.;
                            0.;
                            0.;
                            0.;
                            0.;
                            0.;
              581791881407369/62270208000;
              -3130718954431/972972000   ],...
            [               0.;
                            0.;
                            0.;
                            0.;
                            0.;
                            0.;
                            0.;
              5870785406797/20756736000 ] ];
 
 smoothness_coeffs{2} = [ [ 26446172491/2965248000;
                -132173819131/972972000;
                13873328286131/31135104000;
                -90744192823/111196800;
                41566759079/46126080;
                -583488131053/972972000;
                6925711076497/31135104000;
                -137801870867/3891888000 ],...
              [                0.;
                 32268504444809/62270208000;
                -13257668940469/3891888000;
                38941083744793/6227020800;
                -224563041869/32432400;
                143887855797947/31135104000;
                -2230862726341/1297296000;
                1221480056521/4447872000 ],...
              [             0.; 
                            0.;
               116487285372277/20756736000;
                -29244985495/1415232;
                142950967195973/6227020800;
                -19952704102349/1297296000;
                178922840432597/31135104000;
                -1793558121581/1945944000 ],...
              [              0.;
                             0.;
                             0.;
                 4322531771339/226437120;
                -6630479776771/155675520;
                178559835040523/6227020800;
                -1397571412901/129729600;
                721470910481/415134720 ],...
              [              0.;
                             0.;
                             0.;
                             0.;
                5407733702789/226437120;
                -11450077957/353808;
                76273513229143/6227020800;
                -1550584925161/778377600 ],...
              [              0.;
                             0.;
                             0.;
                             0.;
                             0.;
                229456135916827/20756736000;
                -32903428273669/3891888000;
                43315366304381/31135104000 ],...
              [              0.;
                             0.;
                             0.;
                             0.;
                             0.;
                             0.;
                102080471419559/62270208000;
                -1069457397287/1945944000 ],...
              [              0.;
                             0.;
                             0.;
                             0.;
                             0.;
                             0.;
                             0.;
                 986005096387/20756736000 ]];
